1 0.525 0.08125 0.22578125 0.1578125
1 0.78046875 0.0375 0.21875 0.075
1 0.25859375 0.1515625 0.23828125 0.171875
1 0.059375 0.2015625 0.115625 0.15625
1 0.1328125 0.36328125 0.1921875 0.14609375
1 0.21484375 0.51796875 0.16171875 0.13984375
1 0.65703125 0.2140625 0.2234375 0.184375
1 0.896875 0.14140625 0.20625 0.20078125
1 0.76015625 0.37109375 0.2328125 0.1984375
1 0.503125 0.4421875 0.17109375 0.1578125
1 0.86640625 0.52734375 0.23984375 0.18203125
1 0.60625 0.603125 0.2359375 0.1921875
1 0.71953125 0.76328125 0.221875 0.18046875
1 0.82109375 0.91015625 0.2296875 0.17890625
1 0.9390625 0.71015625 0.121875 0.18046875